

file format : BMP
color format: RGB
image width : 166
image height: 40


.db 0, 0, 0, 0, 0, 0, 0, 0, 0, 0, 0, 0, 0, 0, 0, 0, 0, 0, 0, 0, 0, 0, 0, 0, 0, 0, 0, 0, 0, 0, 0, 0, 0, 0, 0, 0, 0, 0, 0, 0, 0, 0, 0, 0, 0, 0, 0, 0, 0, 0, 0, 0, 0, 0, 0, 0, 0, 0, 0, 0, 0, 0, 0, 0, 0, 0, 0, 0, 0, 0, 0, 0, 0, 0, 0, 0, 0, 0, 0, 0, 0, 0, 0, 0, 0, 0, 0, 0, 0, 0, 0, 0, 0, 0, 0, 0, 0, 0, 0, 0, 0, 0, 0, 0, 0, 0, 0, 0, 0, 0, 0, 0, 0, 0, 0, 0, 0, 0, 0, 0, 0, 0, 0, 0, 0, 0, 0, 0, 0, 0, 0, 0, 0, 0, 0, 0, 0, 0, 0, 0, 0, 0, 0, 0, 0, 0, 0, 0, 0, 0, 0, 0, 0, 0, 0, 0, 0, 0, 0, 0, 0, 0, 0, 0, 0, 0
.db 0, 0, 0, 0, 0, 0, 0, 0, 0, 0, 0, 0, 0, 0, 0, 0, 0, 0, 0, 0, 0, 0, 0, 0, 0, 0, 0, 0, 0, 0, 0, 0, 0, 0, 0, 0, 0, 0, 0, 0, 0, 0, 0, 0, 0, 0, 0, 0, 0, 0, 0, 0, 0, 0, 0, 0, 0, 0, 0, 0, 0, 0, 0, 0, 0, 0, 0, 0, 0, 0, 0, 0, 0, 0, 0, 0, 0, 0, 0, 0, 0, 0, 0, 0, 0, 0, 0, 0, 0, 0, 0, 0, 0, 0, 0, 0, 0, 0, 0, 0, 0, 0, 0, 0, 0, 0, 0, 0, 0, 0, 0, 0, 0, 0, 0, 0, 0, 0, 0, 0, 0, 0, 0, 0, 0, 0, 0, 0, 0, 0, 0, 0, 0, 0, 0, 0, 0, 0, 0, 0, 0, 0, 0, 0, 0, 0, 0, 0, 0, 0, 0, 0, 0, 0, 0, 0, 0, 0, 0, 0, 0, 0, 0, 0, 0, 0
.db 0, 0, 0, 0, 0, 0, 0, 0, 0, 0, 0, 0, 0, 0, 0, 0, 0, 67, 67, 67, 67, 67, 67, 0, 0, 0, 0, 0, 0, 0, 0, 0, 0, 0, 0, 0, 0, 0, 0, 0, 0, 0, 0, 0, 0, 0, 0, 0, 0, 0, 0, 0, 0, 0, 0, 0, 0, 0, 0, 0, 0, 0, 0, 0, 0, 0, 0, 0, 0, 0, 0, 0, 0, 0, 0, 0, 0, 0, 0, 0, 0, 0, 0, 0, 0, 0, 0, 0, 0, 0, 0, 0, 0, 0, 0, 0, 0, 0, 0, 0, 0, 0, 0, 0, 0, 0, 0, 0, 0, 0, 0, 0, 0, 0, 0, 0, 0, 0, 0, 0, 0, 0, 0, 0, 0, 0, 0, 0, 0, 0, 0, 0, 0, 0, 0, 0, 0, 0, 0, 0, 0, 0, 0, 0, 0, 0, 0, 0, 0, 0, 0, 0, 0, 0, 0, 0, 0, 0, 0, 0, 0, 0, 0, 0, 0, 0
.db 0, 0, 0, 0, 0, 0, 0, 0, 0, 0, 0, 0, 0, 0, 0, 0, 0, 67, 67, 67, 67, 67, 67, 0, 0, 0, 0, 0, 0, 0, 0, 0, 0, 0, 0, 0, 0, 0, 0, 0, 0, 0, 0, 0, 0, 0, 0, 0, 0, 76, 76, 76, 76, 76, 76, 0, 0, 0, 0, 0, 0, 0, 0, 0, 0, 0, 0, 0, 0, 0, 0, 0, 0, 0, 0, 0, 0, 0, 0, 0, 0, 0, 0, 0, 0, 0, 0, 0, 0, 0, 0, 0, 255, 255, 255, 255, 255, 255, 255, 255, 0, 0, 0, 0, 0, 0, 255, 255, 255, 255, 255, 255, 255, 255, 0, 0, 0, 0, 0, 0, 0, 0, 0, 0, 0, 0, 0, 0, 0, 255, 255, 255, 255, 255, 0, 0, 0, 0, 0, 0, 0, 0, 0, 0, 0, 0, 0, 0, 0, 0, 0, 0, 0, 0, 0, 255, 255, 255, 0, 0, 0, 0, 0, 0, 0, 0
.db 0, 0, 0, 0, 0, 0, 0, 0, 0, 0, 0, 0, 0, 0, 0, 0, 0, 67, 67, 67, 67, 67, 67, 0, 0, 0, 0, 0, 0, 0, 0, 0, 0, 0, 0, 0, 0, 0, 0, 0, 0, 0, 0, 0, 0, 0, 0, 0, 0, 76, 76, 76, 76, 76, 76, 0, 0, 0, 0, 0, 0, 0, 0, 0, 0, 0, 0, 0, 0, 0, 0, 0, 0, 0, 0, 0, 0, 0, 0, 0, 0, 0, 0, 0, 0, 0, 0, 0, 0, 0, 0, 0, 255, 255, 255, 255, 255, 255, 255, 255, 0, 0, 0, 0, 0, 0, 255, 255, 255, 255, 255, 255, 255, 255, 0, 0, 0, 0, 0, 0, 0, 0, 0, 0, 0, 255, 255, 255, 255, 255, 255, 255, 255, 255, 255, 255, 255, 0, 0, 0, 0, 0, 0, 0, 0, 0, 0, 0, 0, 0, 0, 0, 0, 255, 255, 255, 255, 255, 255, 0, 0, 0, 0, 0, 0, 0
.db 0, 0, 0, 0, 0, 0, 0, 0, 0, 0, 0, 0, 0, 0, 0, 0, 0, 67, 67, 67, 67, 67, 67, 0, 0, 0, 0, 0, 0, 0, 0, 0, 0, 0, 0, 0, 0, 0, 0, 0, 0, 0, 0, 0, 0, 0, 0, 0, 76, 76, 76, 76, 76, 76, 0, 0, 0, 0, 0, 0, 0, 0, 0, 0, 0, 0, 188, 188, 0, 0, 0, 0, 0, 0, 0, 0, 0, 0, 0, 0, 0, 0, 0, 0, 0, 0, 0, 0, 0, 0, 0, 255, 255, 255, 255, 255, 255, 255, 255, 255, 0, 0, 0, 0, 0, 0, 255, 255, 255, 255, 255, 255, 255, 255, 0, 0, 0, 0, 0, 0, 0, 0, 0, 255, 255, 255, 255, 255, 255, 255, 255, 255, 255, 255, 255, 255, 255, 255, 0, 0, 0, 0, 0, 0, 0, 0, 0, 0, 0, 0, 0, 255, 255, 255, 255, 255, 255, 255, 255, 255, 0, 0, 0, 0, 0, 0
.db 0, 0, 0, 0, 0, 0, 0, 0, 0, 0, 0, 0, 0, 0, 0, 0, 0, 67, 67, 67, 67, 67, 67, 0, 0, 0, 0, 0, 0, 0, 0, 0, 0, 0, 0, 0, 0, 0, 0, 0, 0, 0, 0, 0, 0, 0, 0, 0, 76, 76, 76, 76, 76, 76, 0, 0, 0, 0, 0, 0, 0, 0, 0, 188, 188, 188, 188, 0, 0, 0, 0, 0, 0, 0, 0, 0, 0, 0, 0, 0, 0, 0, 0, 0, 0, 0, 0, 0, 0, 0, 0, 255, 255, 255, 255, 255, 255, 255, 255, 0, 0, 0, 0, 0, 0, 0, 0, 255, 255, 255, 255, 255, 255, 255, 0, 0, 0, 0, 0, 0, 0, 0, 255, 255, 255, 255, 255, 255, 255, 255, 255, 255, 255, 255, 255, 255, 255, 255, 255, 0, 0, 0, 0, 0, 0, 0, 0, 0, 0, 0, 255, 255, 255, 255, 255, 255, 255, 255, 255, 255, 255, 0, 0, 0, 0, 0
.db 0, 0, 0, 0, 0, 0, 0, 0, 0, 0, 0, 0, 0, 0, 0, 0, 0, 67, 67, 67, 67, 67, 67, 0, 0, 0, 0, 0, 0, 0, 0, 0, 0, 0, 0, 0, 0, 0, 0, 0, 0, 0, 0, 0, 0, 0, 0, 0, 76, 76, 76, 76, 76, 76, 0, 0, 0, 0, 0, 0, 0, 0, 188, 188, 188, 188, 188, 0, 0, 0, 0, 0, 0, 0, 0, 0, 0, 0, 0, 0, 0, 0, 0, 0, 0, 0, 0, 0, 0, 0, 0, 255, 255, 255, 255, 255, 255, 255, 255, 0, 0, 0, 0, 0, 0, 0, 0, 255, 255, 255, 255, 255, 255, 255, 0, 0, 0, 0, 0, 0, 255, 255, 255, 255, 255, 255, 255, 255, 255, 255, 255, 255, 255, 255, 255, 255, 255, 255, 255, 0, 0, 0, 0, 0, 0, 0, 0, 0, 0, 255, 255, 255, 255, 255, 255, 255, 255, 255, 255, 255, 255, 255, 0, 0, 0, 0
.db 0, 0, 0, 0, 0, 0, 0, 0, 0, 0, 0, 0, 0, 0, 0, 0, 0, 67, 67, 67, 67, 67, 67, 0, 0, 0, 0, 0, 0, 0, 0, 0, 0, 0, 0, 0, 0, 0, 0, 0, 0, 0, 0, 0, 0, 0, 0, 0, 76, 76, 76, 76, 76, 0, 0, 0, 0, 0, 0, 0, 0, 188, 188, 188, 188, 188, 188, 0, 0, 0, 0, 0, 0, 0, 0, 0, 0, 0, 0, 0, 0, 0, 0, 0, 0, 0, 0, 0, 0, 0, 255, 255, 255, 255, 255, 255, 255, 255, 255, 0, 0, 0, 0, 0, 0, 0, 0, 255, 255, 255, 255, 255, 255, 255, 0, 0, 0, 0, 0, 255, 255, 255, 255, 255, 255, 255, 255, 255, 255, 255, 255, 255, 255, 255, 255, 255, 255, 255, 255, 0, 0, 0, 0, 0, 0, 0, 0, 0, 255, 255, 255, 255, 255, 255, 255, 255, 255, 255, 255, 255, 255, 255, 0, 0, 0, 0
.db 0, 0, 0, 0, 0, 0, 0, 0, 0, 0, 0, 0, 0, 0, 0, 0, 67, 67, 67, 67, 67, 67, 0, 0, 0, 0, 0, 0, 0, 0, 0, 0, 0, 0, 0, 0, 0, 0, 0, 0, 0, 0, 0, 0, 0, 0, 0, 76, 76, 76, 76, 76, 76, 0, 0, 0, 0, 0, 0, 0, 0, 188, 188, 188, 188, 188, 0, 0, 0, 0, 0, 0, 0, 0, 0, 0, 0, 0, 0, 0, 0, 0, 0, 0, 0, 0, 0, 0, 0, 0, 255, 255, 255, 255, 255, 255, 255, 255, 0, 0, 0, 0, 0, 0, 0, 0, 0, 255, 255, 255, 255, 255, 255, 255, 0, 0, 0, 0, 0, 255, 255, 255, 255, 255, 255, 255, 255, 255, 255, 0, 0, 0, 255, 255, 255, 255, 255, 255, 255, 0, 0, 0, 0, 0, 0, 0, 0, 255, 255, 255, 255, 255, 255, 255, 255, 255, 255, 255, 255, 255, 255, 255, 255, 0, 0, 0
.db 0, 0, 0, 0, 0, 0, 0, 0, 0, 0, 0, 67, 67, 67, 0, 0, 67, 67, 67, 67, 67, 67, 0, 0, 0, 0, 0, 0, 0, 0, 0, 0, 143, 143, 143, 143, 143, 143, 0, 0, 0, 0, 0, 0, 0, 0, 0, 76, 76, 76, 76, 76, 76, 0, 0, 0, 0, 0, 0, 0, 188, 188, 188, 188, 188, 188, 0, 0, 0, 0, 0, 0, 0, 0, 0, 0, 112, 112, 112, 112, 112, 112, 0, 0, 0, 0, 0, 0, 0, 0, 255, 255, 255, 255, 255, 255, 255, 255, 0, 0, 0, 0, 0, 0, 0, 0, 0, 255, 255, 255, 255, 255, 255, 255, 0, 0, 0, 0, 255, 255, 255, 255, 255, 255, 255, 255, 255, 0, 0, 0, 0, 0, 0, 255, 255, 255, 255, 255, 255, 0, 0, 0, 0, 0, 0, 0, 255, 255, 255, 255, 255, 255, 255, 255, 255, 255, 255, 255, 255, 255, 255, 255, 255, 0, 0, 0
.db 0, 0, 0, 0, 0, 0, 0, 0, 0, 67, 67, 67, 67, 67, 67, 0, 67, 67, 67, 67, 67, 67, 0, 0, 0, 0, 0, 0, 0, 0, 143, 143, 143, 143, 143, 143, 143, 143, 143, 143, 0, 0, 0, 0, 0, 0, 0, 76, 76, 76, 76, 76, 76, 0, 0, 0, 0, 188, 188, 188, 188, 188, 188, 188, 188, 188, 188, 188, 188, 0, 0, 0, 0, 112, 112, 112, 112, 112, 112, 112, 112, 112, 112, 112, 0, 0, 0, 0, 0, 0, 255, 255, 255, 255, 255, 255, 255, 0, 0, 0, 0, 0, 0, 0, 0, 0, 0, 255, 255, 255, 255, 255, 255, 255, 0, 0, 0, 255, 255, 255, 255, 255, 255, 255, 255, 255, 0, 0, 0, 0, 0, 0, 0, 255, 255, 255, 255, 255, 0, 0, 0, 0, 0, 0, 0, 255, 255, 255, 255, 255, 255, 255, 255, 255, 0, 0, 255, 255, 255, 255, 255, 255, 255, 255, 0, 0
.db 0, 0, 0, 0, 0, 0, 0, 0, 67, 67, 67, 67, 67, 67, 67, 67, 67, 67, 67, 67, 67, 67, 0, 0, 0, 0, 0, 0, 0, 143, 143, 143, 143, 143, 143, 143, 143, 143, 143, 143, 143, 0, 0, 0, 0, 0, 0, 76, 76, 76, 76, 76, 0, 0, 0, 0, 188, 188, 188, 188, 188, 188, 188, 188, 188, 188, 188, 188, 188, 0, 0, 0, 112, 112, 112, 112, 112, 112, 112, 112, 112, 112, 112, 112, 112, 0, 0, 0, 0, 0, 255, 255, 255, 255, 255, 255, 255, 0, 0, 0, 0, 0, 0, 0, 0, 0, 0, 255, 255, 255, 255, 255, 255, 255, 0, 0, 0, 255, 255, 255, 255, 255, 255, 255, 255, 0, 0, 0, 0, 0, 0, 0, 0, 255, 255, 255, 0, 0, 0, 0, 0, 0, 0, 0, 0, 255, 255, 255, 255, 255, 255, 255, 255, 0, 0, 0, 0, 255, 255, 255, 255, 255, 255, 255, 0, 0
.db 0, 0, 0, 0, 0, 0, 0, 67, 67, 67, 67, 67, 67, 67, 67, 67, 67, 67, 67, 67, 67, 67, 0, 0, 0, 0, 0, 0, 143, 143, 143, 143, 143, 143, 143, 143, 143, 143, 143, 143, 143, 143, 0, 0, 0, 0, 76, 76, 76, 76, 76, 76, 0, 0, 0, 0, 188, 188, 188, 188, 188, 188, 188, 188, 188, 188, 188, 188, 188, 0, 0, 112, 112, 112, 112, 112, 112, 112, 112, 112, 112, 112, 112, 112, 112, 112, 0, 0, 0, 0, 255, 255, 255, 255, 255, 255, 255, 0, 0, 0, 0, 0, 0, 0, 0, 0, 0, 255, 255, 255, 255, 255, 255, 255, 0, 0, 255, 255, 255, 255, 255, 255, 255, 255, 0, 0, 0, 0, 0, 0, 0, 0, 0, 0, 0, 0, 0, 0, 0, 0, 0, 0, 0, 0, 255, 255, 255, 255, 255, 255, 255, 255, 0, 0, 0, 0, 0, 255, 255, 255, 255, 255, 255, 255, 0, 0
.db 0, 0, 0, 0, 0, 0, 67, 67, 67, 67, 67, 67, 0, 0, 0, 67, 67, 67, 67, 67, 67, 67, 0, 0, 0, 0, 0, 143, 143, 143, 143, 143, 143, 143, 143, 143, 143, 143, 143, 143, 143, 143, 0, 0, 0, 0, 76, 76, 76, 76, 76, 76, 0, 0, 0, 188, 188, 188, 188, 188, 188, 188, 188, 188, 188, 188, 188, 188, 188, 0, 0, 112, 112, 112, 112, 112, 112, 112, 112, 112, 112, 112, 112, 112, 112, 112, 0, 0, 0, 255, 255, 255, 255, 255, 255, 255, 255, 0, 0, 0, 0, 0, 0, 0, 0, 0, 0, 255, 255, 255, 255, 255, 255, 255, 0, 255, 255, 255, 255, 255, 255, 255, 255, 0, 0, 0, 0, 0, 0, 0, 0, 0, 0, 0, 0, 0, 0, 0, 0, 0, 0, 0, 0, 255, 255, 255, 255, 255, 255, 255, 255, 0, 0, 0, 0, 0, 0, 255, 255, 255, 255, 255, 255, 255, 0, 0
.db 0, 0, 0, 0, 0, 67, 67, 67, 67, 67, 67, 0, 0, 0, 0, 0, 67, 67, 67, 67, 67, 67, 0, 0, 0, 0, 143, 143, 143, 143, 143, 143, 0, 0, 0, 0, 143, 143, 143, 143, 143, 143, 0, 0, 0, 0, 76, 76, 76, 76, 76, 76, 0, 0, 0, 188, 0, 0, 188, 188, 188, 188, 188, 188, 188, 0, 0, 0, 0, 0, 0, 112, 112, 112, 112, 0, 0, 0, 0, 0, 112, 112, 112, 112, 112, 112, 0, 0, 0, 255, 255, 255, 255, 255, 255, 255, 0, 0, 0, 0, 0, 0, 0, 0, 0, 0, 0, 255, 255, 255, 255, 255, 255, 0, 0, 255, 255, 255, 255, 255, 255, 255, 255, 0, 0, 0, 0, 0, 0, 0, 0, 0, 0, 0, 0, 0, 0, 0, 0, 0, 0, 0, 0, 255, 255, 255, 255, 255, 255, 255, 0, 0, 0, 0, 0, 0, 0, 0, 255, 255, 255, 255, 255, 255, 0, 0
.db 0, 0, 0, 0, 67, 67, 67, 67, 67, 67, 0, 0, 0, 0, 0, 0, 67, 67, 67, 67, 67, 0, 0, 0, 0, 143, 143, 143, 143, 143, 143, 0, 0, 0, 0, 0, 0, 143, 143, 143, 143, 143, 0, 0, 0, 0, 76, 76, 76, 76, 76, 0, 0, 0, 0, 0, 0, 0, 0, 188, 188, 188, 188, 188, 0, 0, 0, 0, 0, 0, 0, 112, 112, 112, 0, 0, 0, 0, 0, 0, 0, 112, 112, 112, 112, 112, 112, 0, 0, 255, 255, 255, 255, 255, 255, 255, 0, 0, 0, 0, 0, 0, 0, 0, 0, 0, 255, 255, 255, 255, 255, 255, 255, 0, 0, 255, 255, 255, 255, 255, 255, 255, 0, 0, 0, 0, 0, 0, 0, 0, 0, 0, 0, 0, 0, 0, 0, 0, 0, 0, 0, 0, 255, 255, 255, 255, 255, 255, 255, 0, 0, 0, 0, 0, 0, 0, 0, 0, 255, 255, 255, 255, 255, 255, 0, 0
.db 0, 0, 0, 0, 67, 67, 67, 67, 67, 0, 0, 0, 0, 0, 0, 0, 67, 67, 67, 67, 67, 0, 0, 0, 0, 143, 143, 143, 143, 143, 0, 0, 0, 0, 0, 0, 0, 143, 143, 143, 143, 143, 0, 0, 0, 0, 76, 76, 76, 76, 76, 0, 0, 0, 0, 0, 0, 0, 188, 188, 188, 188, 188, 188, 0, 0, 0, 0, 0, 0, 0, 112, 112, 112, 0, 0, 0, 0, 0, 0, 0, 112, 112, 112, 112, 112, 0, 0, 0, 255, 255, 255, 255, 255, 255, 255, 0, 0, 0, 0, 0, 0, 0, 0, 0, 0, 255, 255, 255, 255, 255, 255, 255, 0, 255, 255, 255, 255, 255, 255, 255, 255, 0, 0, 0, 0, 0, 0, 0, 0, 0, 0, 0, 0, 0, 0, 0, 0, 0, 0, 0, 0, 255, 255, 255, 255, 255, 255, 255, 0, 0, 0, 0, 0, 0, 0, 0, 255, 255, 255, 255, 255, 255, 255, 255, 0
.db 0, 0, 0, 67, 67, 67, 67, 67, 0, 0, 0, 0, 0, 0, 0, 0, 67, 67, 67, 67, 67, 0, 0, 0, 143, 143, 143, 143, 143, 0, 0, 0, 0, 0, 0, 0, 0, 143, 143, 143, 143, 143, 0, 0, 0, 76, 76, 76, 76, 76, 76, 0, 0, 0, 0, 0, 0, 0, 188, 188, 188, 188, 188, 0, 0, 0, 0, 0, 0, 0, 0, 0, 0, 0, 0, 0, 0, 0, 0, 0, 0, 112, 112, 112, 112, 112, 0, 0, 0, 255, 255, 255, 255, 255, 255, 255, 0, 0, 0, 0, 0, 0, 0, 0, 0, 0, 255, 255, 255, 255, 255, 255, 255, 0, 255, 255, 255, 255, 255, 255, 255, 0, 0, 0, 0, 0, 0, 0, 0, 0, 0, 0, 255, 255, 255, 255, 0, 0, 0, 0, 0, 255, 255, 255, 255, 255, 255, 255, 255, 0, 255, 255, 255, 255, 255, 255, 255, 255, 255, 255, 255, 255, 255, 255, 255, 0
.db 0, 0, 0, 67, 67, 67, 67, 67, 0, 0, 0, 0, 0, 0, 0, 67, 67, 67, 67, 67, 67, 0, 0, 0, 143, 143, 143, 143, 143, 0, 0, 0, 0, 0, 0, 0, 143, 143, 143, 143, 143, 0, 0, 0, 0, 76, 76, 76, 76, 76, 76, 0, 0, 0, 0, 0, 0, 0, 188, 188, 188, 188, 188, 0, 0, 0, 0, 0, 0, 0, 0, 0, 0, 0, 0, 0, 0, 0, 0, 0, 112, 112, 112, 112, 112, 112, 0, 0, 0, 255, 255, 255, 255, 255, 255, 255, 0, 0, 0, 0, 0, 0, 0, 0, 0, 255, 255, 255, 255, 255, 255, 255, 0, 0, 255, 255, 255, 255, 255, 255, 255, 0, 0, 0, 0, 0, 0, 0, 0, 0, 255, 255, 255, 255, 255, 255, 255, 0, 0, 0, 0, 255, 255, 255, 255, 255, 255, 255, 255, 255, 255, 255, 255, 255, 255, 255, 255, 255, 255, 255, 255, 255, 255, 255, 255, 0
.db 0, 0, 67, 67, 67, 67, 67, 0, 0, 0, 0, 0, 0, 0, 0, 67, 67, 67, 67, 67, 67, 0, 0, 143, 143, 143, 143, 143, 0, 0, 0, 0, 0, 0, 143, 143, 143, 143, 143, 143, 143, 0, 0, 0, 0, 76, 76, 76, 76, 76, 76, 0, 0, 0, 0, 0, 0, 0, 188, 188, 188, 188, 188, 0, 0, 0, 0, 0, 0, 0, 0, 0, 0, 0, 0, 0, 0, 112, 112, 112, 112, 112, 112, 112, 112, 112, 0, 0, 0, 255, 255, 255, 255, 255, 255, 255, 0, 0, 0, 0, 0, 0, 0, 0, 0, 255, 255, 255, 255, 255, 255, 255, 0, 0, 255, 255, 255, 255, 255, 255, 255, 0, 0, 0, 0, 0, 0, 0, 255, 255, 255, 255, 255, 255, 255, 255, 255, 0, 0, 0, 255, 255, 255, 255, 255, 255, 255, 255, 255, 255, 255, 255, 255, 255, 255, 255, 255, 255, 255, 255, 255, 255, 255, 255, 255, 0
.db 0, 0, 67, 67, 67, 67, 67, 0, 0, 0, 0, 0, 0, 0, 0, 67, 67, 67, 67, 67, 67, 0, 0, 143, 143, 143, 143, 143, 0, 0, 0, 143, 143, 143, 143, 143, 143, 143, 143, 143, 0, 0, 0, 0, 0, 76, 76, 76, 76, 76, 0, 0, 0, 0, 0, 0, 0, 0, 188, 188, 188, 188, 188, 0, 0, 0, 0, 0, 0, 0, 0, 0, 0, 0, 112, 112, 112, 112, 112, 112, 112, 112, 112, 112, 112, 112, 0, 0, 0, 255, 255, 255, 255, 255, 255, 255, 0, 0, 0, 0, 0, 0, 0, 0, 255, 255, 255, 255, 255, 255, 255, 0, 0, 255, 255, 255, 255, 255, 255, 255, 255, 0, 0, 0, 0, 0, 0, 0, 255, 255, 255, 255, 255, 255, 255, 255, 255, 0, 0, 0, 255, 255, 255, 255, 255, 255, 255, 255, 255, 255, 255, 255, 255, 255, 255, 255, 255, 255, 255, 255, 255, 255, 255, 255, 0, 0
.db 0, 0, 67, 67, 67, 67, 67, 0, 0, 0, 0, 0, 0, 0, 0, 67, 67, 67, 67, 67, 0, 0, 0, 143, 143, 143, 143, 143, 143, 143, 143, 143, 143, 143, 143, 143, 143, 143, 143, 0, 0, 0, 0, 0, 0, 76, 76, 76, 76, 76, 0, 0, 0, 0, 0, 0, 0, 188, 188, 188, 188, 188, 188, 0, 0, 0, 0, 0, 0, 0, 0, 0, 0, 112, 112, 112, 112, 112, 112, 112, 112, 112, 112, 112, 112, 112, 0, 0, 0, 255, 255, 255, 255, 255, 255, 255, 255, 0, 0, 0, 0, 0, 0, 0, 255, 255, 255, 255, 255, 255, 255, 0, 0, 255, 255, 255, 255, 255, 255, 255, 255, 0, 0, 0, 0, 0, 0, 0, 0, 255, 255, 255, 255, 255, 255, 255, 255, 0, 0, 0, 255, 255, 255, 255, 255, 255, 255, 255, 255, 255, 255, 255, 255, 255, 255, 255, 255, 255, 255, 255, 255, 255, 255, 255, 0, 0
.db 0, 67, 67, 67, 67, 67, 67, 0, 0, 0, 0, 0, 0, 0, 0, 67, 67, 67, 67, 67, 0, 0, 143, 143, 143, 143, 143, 143, 143, 143, 143, 143, 143, 143, 143, 143, 143, 143, 0, 0, 0, 0, 0, 0, 0, 76, 76, 76, 76, 76, 0, 0, 0, 0, 0, 0, 0, 188, 188, 188, 188, 188, 0, 0, 0, 0, 0, 0, 0, 0, 0, 112, 112, 112, 112, 112, 112, 112, 112, 112, 112, 112, 112, 112, 112, 112, 0, 0, 0, 255, 255, 255, 255, 255, 255, 255, 255, 0, 0, 0, 0, 0, 0, 255, 255, 255, 255, 255, 255, 255, 255, 0, 0, 255, 255, 255, 255, 255, 255, 255, 255, 0, 0, 0, 0, 0, 0, 0, 0, 0, 255, 255, 255, 255, 255, 255, 0, 0, 0, 255, 255, 255, 255, 255, 255, 255, 255, 255, 255, 255, 255, 0, 0, 0, 0, 0, 0, 255, 255, 255, 255, 255, 255, 255, 0, 0
.db 0, 67, 67, 67, 67, 67, 0, 0, 0, 0, 0, 0, 0, 0, 0, 67, 67, 67, 67, 67, 0, 0, 143, 143, 143, 143, 143, 143, 143, 143, 143, 143, 143, 143, 143, 143, 0, 0, 0, 0, 0, 0, 0, 0, 76, 76, 76, 76, 76, 76, 0, 0, 0, 0, 0, 0, 0, 188, 188, 188, 188, 188, 0, 0, 0, 0, 0, 0, 0, 0, 112, 112, 112, 112, 112, 112, 112, 0, 0, 0, 112, 112, 112, 112, 112, 112, 0, 0, 0, 255, 255, 255, 255, 255, 255, 255, 255, 0, 0, 0, 0, 0, 0, 255, 255, 255, 255, 255, 255, 255, 0, 0, 0, 255, 255, 255, 255, 255, 255, 255, 255, 0, 0, 0, 0, 0, 0, 0, 0, 0, 255, 255, 255, 255, 255, 255, 0, 0, 0, 255, 255, 255, 255, 255, 255, 255, 255, 255, 255, 0, 0, 0, 0, 0, 0, 0, 0, 0, 255, 255, 255, 255, 255, 255, 0, 0
.db 0, 67, 67, 67, 67, 67, 0, 0, 0, 0, 0, 0, 0, 0, 67, 67, 67, 67, 67, 67, 0, 0, 143, 143, 143, 143, 143, 143, 143, 143, 143, 143, 143, 0, 0, 0, 0, 0, 0, 0, 0, 0, 0, 0, 76, 76, 76, 76, 76, 76, 0, 0, 0, 0, 0, 0, 0, 188, 188, 188, 188, 188, 0, 0, 0, 0, 0, 0, 0, 112, 112, 112, 112, 112, 112, 0, 0, 0, 0, 0, 112, 112, 112, 112, 112, 112, 0, 0, 0, 0, 255, 255, 255, 255, 255, 255, 255, 255, 0, 0, 0, 0, 255, 255, 255, 255, 255, 255, 255, 0, 0, 0, 0, 255, 255, 255, 255, 255, 255, 255, 255, 0, 0, 0, 0, 0, 0, 0, 0, 0, 255, 255, 255, 255, 255, 255, 0, 0, 0, 255, 255, 255, 255, 255, 255, 255, 255, 0, 0, 0, 0, 0, 0, 0, 0, 0, 0, 255, 255, 255, 255, 255, 255, 255, 0, 0
.db 0, 67, 67, 67, 67, 67, 0, 0, 0, 0, 0, 0, 0, 0, 67, 67, 67, 67, 67, 67, 0, 0, 143, 143, 143, 143, 143, 143, 143, 143, 143, 0, 0, 0, 0, 0, 0, 0, 0, 0, 0, 0, 0, 0, 76, 76, 76, 76, 76, 76, 0, 0, 0, 0, 0, 0, 0, 188, 188, 188, 188, 188, 0, 0, 0, 0, 0, 0, 0, 112, 112, 112, 112, 112, 0, 0, 0, 0, 0, 0, 112, 112, 112, 112, 112, 0, 0, 0, 0, 0, 255, 255, 255, 255, 255, 255, 255, 255, 0, 0, 0, 255, 255, 255, 255, 255, 255, 255, 255, 0, 0, 0, 0, 255, 255, 255, 255, 255, 255, 255, 255, 255, 0, 0, 0, 0, 0, 0, 0, 255, 255, 255, 255, 255, 255, 255, 0, 0, 0, 255, 255, 255, 255, 255, 255, 255, 255, 0, 0, 0, 0, 0, 0, 0, 0, 0, 0, 255, 255, 255, 255, 255, 255, 255, 0, 0
.db 0, 67, 67, 67, 67, 67, 67, 0, 0, 0, 0, 0, 0, 0, 67, 67, 67, 67, 67, 0, 0, 0, 143, 143, 143, 143, 143, 143, 143, 0, 0, 0, 0, 0, 0, 0, 0, 0, 0, 143, 0, 0, 0, 0, 76, 76, 76, 76, 76, 76, 0, 0, 0, 0, 0, 0, 188, 188, 188, 188, 188, 188, 0, 0, 0, 0, 0, 0, 112, 112, 112, 112, 112, 112, 0, 0, 0, 0, 0, 0, 112, 112, 112, 112, 112, 0, 0, 0, 0, 0, 255, 255, 255, 255, 255, 255, 255, 255, 255, 0, 255, 255, 255, 255, 255, 255, 255, 255, 0, 0, 0, 0, 0, 255, 255, 255, 255, 255, 255, 255, 255, 255, 255, 0, 0, 0, 0, 0, 255, 255, 255, 255, 255, 255, 255, 255, 0, 0, 0, 255, 255, 255, 255, 255, 255, 255, 0, 0, 0, 0, 0, 0, 0, 0, 0, 0, 0, 255, 255, 255, 255, 255, 255, 255, 0, 0
.db 0, 67, 67, 67, 67, 67, 67, 0, 0, 0, 0, 0, 0, 67, 67, 67, 67, 67, 67, 0, 0, 0, 143, 143, 143, 143, 143, 143, 0, 0, 0, 0, 0, 0, 0, 0, 0, 0, 0, 143, 0, 0, 0, 0, 76, 76, 76, 76, 76, 0, 0, 0, 0, 0, 0, 0, 188, 188, 188, 188, 188, 188, 0, 0, 0, 0, 0, 0, 112, 112, 112, 112, 112, 0, 0, 0, 0, 0, 0, 0, 112, 112, 112, 112, 112, 0, 0, 0, 0, 0, 255, 255, 255, 255, 255, 255, 255, 255, 255, 255, 255, 255, 255, 255, 255, 255, 255, 0, 0, 0, 0, 0, 0, 0, 255, 255, 255, 255, 255, 255, 255, 255, 255, 255, 255, 255, 255, 255, 255, 255, 255, 255, 255, 255, 255, 255, 0, 0, 255, 255, 255, 255, 255, 255, 255, 255, 0, 0, 0, 0, 0, 0, 0, 0, 0, 0, 255, 255, 255, 255, 255, 255, 255, 255, 0, 0
.db 0, 67, 67, 67, 67, 67, 67, 0, 0, 0, 0, 0, 0, 67, 67, 67, 67, 67, 67, 0, 0, 0, 143, 143, 143, 143, 143, 0, 0, 0, 0, 0, 0, 0, 0, 0, 0, 0, 143, 143, 0, 0, 0, 0, 76, 76, 76, 76, 76, 0, 0, 0, 0, 0, 0, 0, 188, 188, 188, 188, 188, 188, 0, 0, 0, 0, 0, 0, 112, 112, 112, 112, 112, 0, 0, 0, 0, 0, 0, 112, 112, 112, 112, 112, 112, 0, 0, 0, 0, 0, 0, 255, 255, 255, 255, 255, 255, 255, 255, 255, 255, 255, 255, 255, 255, 255, 255, 0, 0, 0, 0, 0, 0, 0, 255, 255, 255, 255, 255, 255, 255, 255, 255, 255, 255, 255, 255, 255, 255, 255, 255, 255, 255, 255, 255, 255, 0, 0, 255, 255, 255, 255, 255, 255, 255, 255, 0, 0, 0, 0, 0, 0, 0, 0, 0, 0, 255, 255, 255, 255, 255, 255, 255, 0, 0, 0
.db 0, 67, 67, 67, 67, 67, 67, 67, 0, 0, 0, 0, 67, 67, 67, 67, 67, 67, 67, 0, 0, 0, 143, 143, 143, 143, 143, 0, 0, 0, 0, 0, 0, 0, 0, 0, 0, 143, 143, 143, 0, 0, 0, 76, 76, 76, 76, 76, 76, 0, 0, 0, 0, 0, 0, 0, 188, 188, 188, 188, 188, 188, 0, 0, 0, 0, 0, 0, 112, 112, 112, 112, 112, 0, 0, 0, 0, 0, 0, 112, 112, 112, 112, 112, 112, 0, 0, 0, 0, 0, 0, 255, 255, 255, 255, 255, 255, 255, 255, 255, 255, 255, 255, 255, 255, 255, 0, 0, 0, 0, 0, 0, 0, 0, 255, 255, 255, 255, 255, 255, 255, 255, 255, 255, 255, 255, 255, 255, 255, 255, 255, 255, 255, 255, 255, 0, 0, 0, 255, 255, 255, 255, 255, 255, 255, 255, 0, 0, 0, 0, 0, 0, 0, 0, 0, 255, 255, 255, 255, 255, 255, 255, 255, 0, 0, 0
.db 0, 67, 67, 67, 67, 67, 67, 67, 67, 67, 67, 67, 67, 67, 67, 67, 67, 67, 67, 0, 0, 0, 143, 143, 143, 143, 143, 143, 0, 0, 0, 0, 0, 0, 0, 0, 143, 143, 143, 0, 0, 0, 0, 76, 76, 76, 76, 76, 76, 0, 0, 0, 0, 0, 0, 0, 188, 188, 188, 188, 188, 188, 0, 0, 0, 0, 0, 112, 112, 112, 112, 112, 112, 112, 0, 0, 0, 0, 0, 112, 112, 112, 112, 112, 112, 0, 0, 0, 0, 0, 0, 0, 255, 255, 255, 255, 255, 255, 255, 255, 255, 255, 255, 255, 255, 0, 0, 0, 0, 0, 0, 0, 0, 0, 0, 255, 255, 255, 255, 255, 255, 255, 255, 255, 255, 255, 255, 255, 255, 255, 255, 255, 255, 255, 255, 0, 0, 0, 255, 255, 255, 255, 255, 255, 255, 255, 0, 0, 0, 0, 0, 0, 0, 0, 0, 255, 255, 255, 255, 255, 255, 255, 255, 0, 0, 0
.db 0, 67, 67, 67, 67, 67, 67, 67, 67, 67, 67, 67, 67, 67, 67, 67, 67, 67, 0, 0, 0, 0, 143, 143, 143, 143, 143, 143, 143, 143, 0, 0, 0, 0, 143, 143, 143, 143, 143, 0, 0, 0, 0, 76, 76, 76, 76, 76, 76, 0, 0, 0, 0, 0, 0, 0, 188, 188, 188, 188, 188, 188, 0, 0, 0, 0, 0, 0, 112, 112, 112, 112, 112, 112, 112, 112, 112, 112, 112, 112, 112, 112, 112, 112, 0, 0, 0, 0, 0, 0, 0, 0, 255, 255, 255, 255, 255, 255, 255, 255, 255, 255, 255, 255, 0, 0, 0, 0, 0, 0, 0, 0, 0, 0, 0, 255, 255, 255, 255, 255, 255, 255, 255, 255, 255, 255, 255, 255, 255, 255, 255, 255, 255, 255, 0, 0, 0, 0, 255, 255, 255, 255, 255, 255, 255, 255, 0, 0, 0, 0, 0, 0, 0, 0, 255, 255, 255, 255, 255, 255, 255, 255, 255, 0, 0, 0
.db 0, 0, 67, 67, 67, 67, 67, 67, 67, 67, 67, 67, 67, 67, 67, 67, 67, 67, 0, 0, 0, 0, 0, 143, 143, 143, 143, 143, 143, 143, 143, 143, 143, 143, 143, 143, 143, 143, 143, 0, 0, 0, 0, 76, 76, 76, 76, 76, 76, 0, 0, 0, 0, 0, 0, 0, 188, 188, 188, 188, 188, 188, 0, 0, 0, 0, 0, 0, 112, 112, 112, 112, 112, 112, 112, 112, 112, 112, 112, 112, 112, 112, 112, 112, 0, 0, 0, 0, 0, 0, 0, 0, 0, 255, 255, 255, 255, 255, 255, 255, 255, 255, 255, 0, 0, 0, 0, 0, 0, 0, 0, 0, 0, 0, 0, 0, 255, 255, 255, 255, 255, 255, 255, 255, 255, 255, 255, 255, 255, 255, 255, 255, 255, 0, 0, 0, 0, 0, 255, 255, 255, 255, 255, 255, 255, 255, 255, 0, 0, 0, 0, 0, 0, 255, 255, 255, 255, 255, 255, 255, 255, 255, 0, 0, 0, 0
.db 0, 0, 67, 67, 67, 67, 67, 67, 67, 67, 67, 67, 67, 67, 67, 67, 67, 67, 0, 0, 0, 0, 0, 143, 143, 143, 143, 143, 143, 143, 143, 143, 143, 143, 143, 143, 143, 143, 0, 0, 0, 0, 0, 76, 76, 76, 76, 76, 76, 0, 0, 0, 0, 0, 0, 0, 188, 188, 188, 188, 188, 188, 188, 0, 0, 0, 0, 0, 0, 112, 112, 112, 112, 112, 112, 112, 112, 112, 112, 112, 112, 112, 112, 112, 0, 0, 0, 0, 0, 0, 0, 0, 0, 0, 255, 255, 255, 255, 255, 255, 255, 255, 0, 0, 0, 0, 0, 0, 0, 0, 0, 0, 0, 0, 0, 0, 0, 0, 255, 255, 255, 255, 255, 255, 255, 255, 255, 255, 255, 255, 255, 0, 0, 0, 0, 0, 0, 0, 255, 255, 255, 255, 255, 255, 255, 255, 255, 0, 0, 0, 0, 0, 0, 255, 255, 255, 255, 255, 255, 255, 255, 255, 0, 0, 0, 0
.db 0, 0, 0, 67, 67, 67, 67, 67, 67, 67, 67, 67, 67, 67, 67, 67, 67, 67, 0, 0, 0, 0, 0, 0, 143, 143, 143, 143, 143, 143, 143, 143, 143, 143, 143, 143, 143, 0, 0, 0, 0, 0, 0, 76, 76, 76, 76, 76, 76, 0, 0, 0, 0, 0, 0, 0, 188, 188, 188, 188, 188, 188, 0, 0, 0, 0, 0, 0, 0, 0, 112, 112, 112, 112, 112, 112, 112, 112, 112, 112, 112, 112, 112, 112, 0, 0, 0, 0, 0, 0, 0, 0, 0, 0, 0, 255, 255, 255, 255, 255, 255, 0, 0, 0, 0, 0, 0, 0, 0, 0, 0, 0, 0, 0, 0, 0, 0, 0, 0, 0, 255, 255, 255, 255, 255, 255, 255, 255, 255, 0, 0, 0, 0, 0, 0, 0, 0, 0, 0, 255, 255, 255, 255, 255, 255, 255, 255, 0, 0, 0, 0, 0, 0, 255, 255, 255, 255, 255, 255, 255, 255, 0, 0, 0, 0, 0
.db 0, 0, 0, 0, 0, 67, 67, 67, 67, 67, 67, 67, 67, 67, 67, 67, 67, 0, 0, 0, 0, 0, 0, 0, 0, 143, 143, 143, 143, 143, 143, 143, 143, 143, 143, 0, 0, 0, 0, 0, 0, 0, 0, 76, 76, 76, 76, 76, 76, 0, 0, 0, 0, 0, 0, 0, 188, 188, 188, 188, 0, 0, 0, 0, 0, 0, 0, 0, 0, 0, 0, 0, 112, 112, 112, 112, 112, 112, 112, 112, 112, 112, 112, 112, 0, 0, 0, 0, 0, 0, 0, 0, 0, 0, 0, 0, 255, 255, 255, 0, 0, 0, 0, 0, 0, 0, 0, 0, 0, 0, 0, 0, 0, 0, 0, 0, 0, 0, 0, 0, 0, 0, 0, 0, 0, 0, 0, 0, 0, 0, 0, 0, 0, 0, 0, 0, 0, 0, 0, 0, 0, 0, 0, 0, 0, 0, 0, 0, 0, 0, 0, 0, 0, 0, 0, 0, 0, 0, 0, 0, 0, 0, 0, 0, 0, 0
.db 0, 0, 0, 0, 0, 0, 0, 0, 0, 0, 0, 0, 0, 0, 0, 0, 0, 0, 0, 0, 0, 0, 0, 0, 0, 0, 0, 143, 143, 143, 143, 143, 0, 0, 0, 0, 0, 0, 0, 0, 0, 0, 0, 0, 0, 0, 0, 0, 0, 0, 0, 0, 0, 0, 0, 0, 188, 188, 0, 0, 0, 0, 0, 0, 0, 0, 0, 0, 0, 0, 0, 0, 0, 0, 0, 0, 0, 0, 0, 0, 0, 0, 0, 0, 0, 0, 0, 0, 0, 0, 0, 0, 0, 0, 0, 0, 0, 0, 0, 0, 0, 0, 0, 0, 0, 0, 0, 0, 0, 0, 0, 0, 0, 0, 0, 0, 0, 0, 0, 0, 0, 0, 0, 0, 0, 0, 0, 0, 0, 0, 0, 0, 0, 0, 0, 0, 0, 0, 0, 0, 0, 0, 0, 0, 0, 0, 0, 0, 0, 0, 0, 0, 0, 0, 0, 0, 0, 0, 0, 0, 0, 0, 0, 0, 0, 0
.db 0, 0, 0, 0, 0, 0, 0, 0, 0, 0, 0, 0, 0, 0, 0, 0, 0, 0, 0, 0, 0, 0, 0, 0, 0, 0, 0, 0, 0, 0, 0, 0, 0, 0, 0, 0, 0, 0, 0, 0, 0, 0, 0, 0, 0, 0, 0, 0, 0, 0, 0, 0, 0, 0, 0, 0, 0, 0, 0, 0, 0, 0, 0, 0, 0, 0, 0, 0, 0, 0, 0, 0, 0, 0, 0, 0, 0, 0, 0, 0, 0, 0, 0, 0, 0, 0, 0, 0, 0, 0, 0, 0, 0, 0, 0, 0, 0, 0, 0, 0, 0, 0, 0, 0, 0, 0, 0, 0, 0, 0, 0, 0, 0, 0, 0, 0, 0, 0, 0, 0, 0, 0, 0, 0, 0, 0, 0, 0, 0, 0, 0, 0, 0, 0, 0, 0, 0, 0, 0, 0, 0, 0, 0, 0, 0, 0, 0, 0, 0, 0, 0, 0, 0, 0, 0, 0, 0, 0, 0, 0, 0, 0, 0, 0, 0, 0
.db 0, 0, 0, 0, 0, 0, 0, 0, 0, 0, 0, 0, 0, 0, 0, 0, 0, 0, 0, 0, 0, 0, 0, 0, 0, 0, 0, 0, 0, 0, 0, 0, 0, 0, 0, 0, 0, 0, 0, 0, 0, 0, 0, 0, 0, 0, 0, 0, 0, 0, 0, 0, 0, 0, 0, 0, 0, 0, 0, 0, 0, 0, 0, 0, 0, 0, 0, 0, 0, 0, 0, 0, 0, 0, 0, 0, 0, 0, 0, 0, 0, 0, 0, 0, 0, 0, 0, 0, 0, 0, 0, 0, 0, 0, 0, 0, 0, 0, 0, 0, 0, 0, 0, 0, 0, 0, 0, 0, 0, 0, 0, 0, 0, 0, 0, 0, 0, 0, 0, 0, 0, 0, 0, 0, 0, 0, 0, 0, 0, 0, 0, 0, 0, 0, 0, 0, 0, 0, 0, 0, 0, 0, 0, 0, 0, 0, 0, 0, 0, 0, 0, 0, 0, 0, 0, 0, 0, 0, 0, 0, 0, 0, 0, 0, 0, 0
